20
0 409 497 694 784 449 601 627 570 569 432 419 486 506 755 410 650 401 602 648 
409 0 499 482 612 695 683 442 793 711 436 633 554 484 474 731 752 421 517 588 
497 499 0 647 619 618 666 528 459 773 513 625 646 463 769 472 693 673 664 728 
694 482 647 0 636 468 433 598 445 651 469 782 428 712 615 653 524 614 686 768 
784 612 619 636 0 565 440 458 730 525 697 522 800 639 732 723 623 696 470 580 
449 695 618 468 565 0 576 502 724 533 783 420 564 400 622 738 478 555 460 604 
601 683 666 433 440 576 0 542 536 744 508 437 760 464 529 535 681 523 699 573 
627 442 528 598 458 502 542 0 654 505 538 780 526 551 684 777 737 649 798 705 
570 793 459 445 730 724 536 654 0 658 682 660 656 581 662 450 677 496 431 640 
569 711 773 651 525 533 744 505 658 0 788 417 795 655 749 690 567 592 455 698 
432 436 513 469 697 783 508 538 682 788 0 740 720 599 721 404 672 719 708 609 
419 633 625 782 522 420 437 780 660 417 740 0 504 435 548 503 635 796 626 487 
486 554 646 428 800 564 760 526 656 795 720 504 0 591 735 485 438 610 494 657 
506 484 463 712 639 400 464 551 581 655 599 435 591 0 498 717 691 418 641 444 
755 474 769 615 732 622 529 684 662 749 721 548 735 498 0 676 563 663 443 414 
410 731 472 653 723 738 535 777 450 690 404 503 485 717 676 0 759 706 600 745 
650 752 693 524 623 478 681 737 677 567 672 635 438 691 563 759 0 439 452 659 
401 421 673 614 696 555 523 649 496 592 719 796 610 418 663 706 439 0 558 479 
602 517 664 686 470 460 699 798 431 455 708 626 494 641 443 600 452 558 0 792 
648 588 728 768 580 604 573 705 640 698 609 487 657 444 414 745 659 479 792 0 
